.Random.seed <-
c(403L, 144L, -1878179292L, -1785453132L, 2066008128L, -1753938165L, 
-361356297L, 277549497L, 1520316628L, 1034447462L, 1003876998L, 
1433880736L, -1362658474L, -1749026669L, -393812031L, 1218914890L, 
-1035722926L, -1206390109L, 38581531L, -1963176301L, -537392457L, 
-578521444L, 727161482L, -1531547000L, 441511893L, 1450274813L, 
1703437146L, 1796142516L, 157554484L, 1218681389L, 629697661L, 
371025339L, 1441962754L, -2130774540L, -229625735L, -1111257606L, 
-581375851L, -2074544326L, -112556568L, -1259091747L, 1484097547L, 
-56858355L, 1293237239L, 798435019L, 834608929L, 913623456L, 
1841935433L, 908240010L, -2039044147L, -1085520363L, 984526038L, 
-2040188619L, 1155607879L, -714424610L, -1554632996L, 1311895181L, 
-1623890793L, 1121737468L, 662452377L, 1076479827L, -1212650400L, 
-2089645505L, -1742101229L, 1721950054L, -394226646L, -118028967L, 
-1308604733L, -181311394L, 596750390L, 2004627502L, -846747760L, 
998925530L, 1977845107L, 1647978122L, -378919406L, 1545196797L, 
661038555L, 1907800962L, -1730461866L, -1670412578L, -1706976482L, 
-1937132970L, 747578106L, 1510553722L, 1207567113L, -1375286424L, 
-242316559L, 604467843L, 1103371755L, -620546056L, 548163995L, 
-1863873154L, 1930254325L, -1295553880L, 499460253L, -1836818481L, 
-473606470L, 1923447767L, 2060255330L, -1363643608L, -1344829969L, 
1982664967L, 505034108L, -580971034L, 134585530L, 1250815065L, 
2107884592L, 1480409164L, 829759070L, -378382590L, -1223159759L, 
536597337L, -1798435584L, -782620675L, 443686497L, -970734069L, 
-189134240L, 337290797L, -221630640L, 2058521540L, 86495321L, 
-773883809L, 1542583599L, -859789400L, -1729152747L, -392402011L, 
-79659903L, -432335903L, 382398866L, -1600963761L, -636908890L, 
-2145461902L, -1265848606L, -848519417L, 1444918493L, 350289903L, 
1265335975L, -362080971L, 1766494198L, -657578390L, -1270950145L, 
1334500006L, -615476587L, -1700561852L, 1235165374L, 1423212561L, 
-1468635632L, -556364561L, 906956715L, 196333223L, -1451270573L, 
974915561L, 1832550681L, 835253799L, -1003593759L, -1870045948L, 
-1051714180L, 1279356957L, 492942155L, -1769002885L, -1648356905L, 
2078225250L, -107929709L, 1882184560L, 208923551L, -100292767L, 
1890132358L, 1967519634L, 254466945L, -2078066205L, 1812451137L, 
-973402061L, -1681778146L, 879790722L, 846427664L, -2056035408L, 
2045730573L, 1469019831L, -899372116L, -154748951L, -1250672572L, 
2119840358L, -1251585854L, 1687169732L, -123731695L, 2016836116L, 
-1630186192L, -1351789687L, 382356418L, 901538755L, -1988522061L, 
-645134659L, 1573199685L, 1641167434L, 445327251L, -591412945L, 
-2057105833L, 760601085L, -1759754381L, 2093833466L, -1613632815L, 
-322195728L, -223836031L, -1299022897L, -1191270227L, 158981094L, 
1897340861L, 2061726537L, 2097845599L, 1352406892L, -631301125L, 
-1363650073L, -887789396L, -1818846660L, 2145102933L, -1432477665L, 
886297685L, -1318530336L, 2046306615L, -591990986L, 101980753L, 
2080433827L, -95925316L, 721224431L, -1288251207L, 286117042L, 
2031182684L, 1387515189L, -1822811616L, -289108618L, -1877675806L, 
1913822854L, -941712906L, -1762622058L, -568003654L, 52685744L, 
1264619021L, -207493994L, -1627064149L, 500000869L, 615986886L, 
-1183793595L, -557930266L, -1976994585L, 1499100527L, 37423647L, 
-1569311824L, 1227504590L, 2067781969L, -1795219475L, -1900885340L, 
1641859096L, -2047014963L, 258250715L, 1807283704L, -285101631L, 
-169584620L, 1351709367L, -868301712L, -1436509036L, 1628140746L, 
-17778624L, -640132729L, 1940602471L, 1795577372L, -272747146L, 
688179547L, -1032710974L, -694311569L, -1644375409L, 230120949L, 
-1967933240L, 1437381183L, -2143941326L, 1612356435L, 644486588L, 
355510992L, -283010151L, 1028447473L, -1143621242L, 2061361285L, 
1887265597L, -759486049L, 1736525572L, 956569025L, -1607062050L, 
-399273755L, -1654325764L, 793134569L, -783653228L, 564941309L, 
1513114964L, 1121660265L, -173099607L, -1293123004L, 1298993488L, 
-2028164089L, 591931756L, 1474531630L, 115617732L, -752376335L, 
1432755823L, 442542371L, -2003056994L, 884091130L, 392352787L, 
2007378311L, 1198726515L, 41008435L, -1539053119L, -767248295L, 
661226986L, -362716091L, 125962671L, -239820963L, -1915442856L, 
-1772347748L, -867021755L, 51851815L, 1176550065L, -2111534566L, 
-615298419L, 1913468856L, -12651315L, -857670155L, -2102593442L, 
-233210125L, 327324427L, 1648738813L, -2145900843L, 994932091L, 
1158738804L, 1989222686L, -1556587498L, 418436674L, -2053035615L, 
805028050L, -986784038L, 1205015703L, 1399442583L, -1421183736L, 
-1712629836L, -3290245L, 596036897L, -84191327L, -1790255633L, 
-337267091L, 1038498926L, 916481144L, -25484741L, 1875786129L, 
-104415819L, -453964153L, 1871307965L, 426925700L, 1984096931L, 
-715060665L, -563303701L, -1412076420L, 734447432L, 312855372L, 
1443985745L, -693117038L, 576281235L, 1255713514L, -2095328238L, 
731222886L, -2086516838L, -40748641L, 306987991L, 1330732526L, 
-44380173L, -1150310479L, 425223324L, 1523444368L, -1126662207L, 
-690990159L, -1883643329L, 575448877L, 1147347762L, -1827765561L, 
1139491961L, 1568701226L, -1402562726L, 714714928L, -1461049394L, 
-147716283L, 1432746574L, -1547280268L, -145410361L, 321985989L, 
477593037L, -925220055L, 1483591830L, -97331946L, -24845384L, 
1592670701L, 867631883L, -460584120L, -266862726L, -1335626749L, 
-1233937607L, 147803990L, 1484863568L, -613088685L, -1846934842L, 
-597704417L, 1663625230L, -1919761361L, 332314092L, -1046592026L, 
1320330494L, 1853961030L, -140979578L, 603846210L, -2028381181L, 
-1945570818L, -156053785L, -1235331596L, 991009552L, -2121570077L, 
1204355043L, 647304028L, 733537521L, -1255776248L, 656596056L, 
386675152L, -308794646L, 39192265L, 2026212131L, -634314265L, 
-1176129629L, 352934436L, -1670123066L, -2105492060L, -487344720L, 
521838328L, 1878105957L, 344656353L, -1727886817L, 564663026L, 
1465685894L, 1250781902L, 391127126L, 1929613872L, 76699915L, 
-1738919598L, 1621757516L, 593446523L, -277213756L, -1750280743L, 
1127850540L, -1799953095L, -242936632L, 1119583800L, 69338753L, 
-443333174L, 817052544L, -1746099447L, -416124667L, 643672234L, 
1027278682L, -730027932L, -594506650L, -1951235612L, -1822340237L, 
719507571L, 1051909155L, 334389596L, -1625393920L, 1715879090L, 
13630956L, -1270440277L, -897897013L, 578229693L, 1976288050L, 
1133616361L, -815773134L, -525647427L, 1176231572L, -177700438L, 
-1278644315L, -1651288185L, -1684418706L, -1604554962L, 90469037L, 
321515543L, 1353404033L, -2037944582L, -1502078128L, 995783846L, 
471772226L, 225050283L, 1378924633L, 56627489L, -1766904353L, 
1356834337L, -465702330L, -489404447L, 744511208L, 541465130L, 
347501494L, -1474339332L, 1542860882L, 569343653L, 1058728064L, 
-906434260L, -387130756L, 188947667L, -484851032L, -1496188298L, 
205611488L, 1748073586L, 691119157L, -1107806185L, -1001134205L, 
1275705626L, 1354804172L, -1547274212L, -884091322L, 552050746L, 
-456858200L, 325365470L, 1831054487L, 2146472533L, -945804400L, 
-720639740L, -1427232824L, 601342925L, -1392804860L, 1348003992L, 
-54139328L, -1100712205L, -1643198198L, -603370366L, 756858376L, 
-711901968L, 190651941L, 1584154934L, -1297175175L, 1521100868L, 
-1906134505L, 724002883L, -429179319L, 745076941L, -1695294730L, 
-1407111295L, 1111372633L, 702318748L, 1308751988L, 1224202991L, 
-1083128414L, 51112622L, -1803740559L, -1360884929L, 1334671161L, 
1871793630L, 1808229099L, 573773498L, -600943671L, -1034165593L, 
776730062L, -1583085692L, 63482170L, -2003431062L, -327826912L, 
-1795014669L, 615133070L, -892649653L, 2055371438L, 76832623L, 
1053379328L, -963119387L, -1012890205L, -1768872591L, -1123588012L, 
527236399L, -970407133L, 1359615245L, -224377863L, 172996339L, 
-97129037L, -1170099872L, 1139200986L, -953873237L, 1267843839L, 
751324197L, -1300872577L, -1789227953L, -1480718362L, 1133483278L, 
1304529753L, -1845540839L, -1708300019L, -1289838084L, -1557015776L, 
